1.848075389862060546875
2.11605548858642578125
1.969764232635498046875
2.2977874279022216796875
2.1440961360931396484375
1.7763431072235107421875
1.86558818817138671875
1.436372280120849609375
2.1595706939697265625
1.82347238063812255859375
1.6493206024169921875
1.8585069179534912109375
2.002184391021728515625
1.9250113964080810546875
2.314678668975830078125
2.231375217437744140625
1.82778275012969970703125
1.892322540283203125
1.56891345977783203125
2.0448982715606689453125
1.26271283626556396484375
1.15064561367034912109375
0.924645125865936279296875
2.0837554931640625
1.46721744537353515625
1.91570246219635009765625
1.72506868839263916015625
1.74560105800628662109375
1.694224834442138671875
1.84458076953887939453125
1.95674383640289306640625
1.758522510528564453125
1.7346627712249755859375
2.541523456573486328125
2.291126728057861328125
1.6279819011688232421875
1.91836071014404296875
1.88816750049591064453125
1.26653897762298583984375
1.83727419376373291015625
2.3289315700531005859375
2.0977442264556884765625
1.79500424861907958984375
1.969530582427978515625
1.770225048065185546875
2.0248928070068359375
1.92237102985382080078125
2.053468227386474609375
2.3197829723358154296875
1.6986408233642578125
1.582268238067626953125
1.7101001739501953125
2.599204540252685546875
1.56152284145355224609375
1.8386218547821044921875
1.82227933406829833984375
1.9686419963836669921875
2.0914933681488037109375
1.82231962680816650390625
1.89462697505950927734375
2.1948382854461669921875
1.91100418567657470703125
2.1601238250732421875
1.19791507720947265625
2.55870151519775390625
1.60315310955047607421875
1.6790606975555419921875
2.1744287014007568359375
2.2163164615631103515625
1.83547651767730712890625
2.233542919158935546875
1.58205854892730712890625
1.95729434490203857421875
1.7271077632904052734375
1.32032382488250732421875
2.375823974609375
3.01777362823486328125
2.394721508026123046875
1.7917244434356689453125
2.0593030452728271484375
2.047595500946044921875
1.666118144989013671875
1.81106817722320556640625
2.08463764190673828125
2.7333681583404541015625
1.64460504055023193359375
2.288116931915283203125
2.133689403533935546875
1.80386006832122802734375
1.99176943302154541015625
1.6191236972808837890625
1.76609337329864501953125
2.55399036407470703125
1.9215185642242431640625
1.4079654216766357421875
1.61533033847808837890625
1.4638135433197021484375
1.79111576080322265625
1.81032288074493408203125
1.9497547149658203125
2.31947422027587890625
2.6406090259552001953125
1.542999744415283203125
1.22464859485626220703125
2.24959850311279296875
2.612462520599365234375
1.93822062015533447265625
2.303287506103515625
1.8248603343963623046875
1.4723865985870361328125
1.502448558807373046875
2.1657841205596923828125
2.0404827594757080078125
1.737418651580810546875
1.41177833080291748046875
1.74791944026947021484375
1.2820475101470947265625
1.711616039276123046875
1.32408392429351806640625
1.9419972896575927734375
1.41455829143524169921875
1.55045223236083984375
1.94746196269989013671875
2.0775759220123291015625
1.54121553897857666015625
1.9403095245361328125
1.7436230182647705078125
2.1478044986724853515625
1.51160991191864013671875
2.2627842426300048828125
1.69233858585357666015625
1.942389011383056640625
1.97716200351715087890625
2.133795261383056640625
2.07462310791015625
1.758699893951416015625
2.3014621734619140625
1.26834392547607421875
1.6291992664337158203125
2.2924785614013671875
1.40113151073455810546875
2.18283367156982421875
2.35671329498291015625
1.42240297794342041015625
1.6317803859710693359375
2.454890727996826171875
1.325817584991455078125
1.82240307331085205078125
2.3103237152099609375
1.52735197544097900390625
1.60219585895538330078125
1.50561964511871337890625
1.37832796573638916015625
1.781833648681640625
1.8696758747100830078125
2.675567150115966796875
2.01176548004150390625
1.93502748012542724609375
1.9626562595367431640625
1.94415318965911865234375
1.84091854095458984375
1.507816791534423828125
1.95305836200714111328125
1.83082234859466552734375
1.989012241363525390625
2.4069445133209228515625
1.3720428943634033203125
1.7032077312469482421875
2.197178363800048828125
1.838818073272705078125
2.0762350559234619140625
1.285237789154052734375
1.62841069698333740234375
1.90002727508544921875
1.49956715106964111328125
2.2907364368438720703125
1.6548259258270263671875
1.84215986728668212890625
1.2381942272186279296875
1.6805050373077392578125
2.16213321685791015625
1.5488078594207763671875
2.1417481899261474609375
1.4229886531829833984375
2.035234928131103515625
1.67620837688446044921875
1.3354322910308837890625
1.656250476837158203125
1.45153772830963134765625
1.48440706729888916015625
1.6794931888580322265625
1.244653224945068359375
1.0553944110870361328125
1.7537062168121337890625
1.73880767822265625
2.0093610286712646484375
1.46293079853057861328125
1.82507383823394775390625
1.624812602996826171875
1.573115825653076171875
1.4079329967498779296875
1.99226462841033935546875
2.022245883941650390625
1.8116490840911865234375
1.74292469024658203125
1.9217736721038818359375
1.4671499729156494140625
1.85707962512969970703125
1.45256865024566650390625
1.77059304714202880859375
2.432528018951416015625
1.56196200847625732421875
1.40815389156341552734375
1.90839397907257080078125
1.9472854137420654296875
1.946720600128173828125
2.089067935943603515625
1.34564769268035888671875
1.74913012981414794921875
1.371208667755126953125
1.3375599384307861328125
0.92123377323150634765625
1.4200794696807861328125
1.4206140041351318359375
2.169240474700927734375
1.4308168888092041015625
1.69178140163421630859375
1.73732697963714599609375
1.75962984561920166015625
1.88260424137115478515625
1.8307368755340576171875
1.36446857452392578125
1.65441799163818359375
1.43521869182586669921875
1.67722284793853759765625
1.4711778163909912109375
1.2665016651153564453125
2.2649400234222412109375
2.481197834014892578125
2.0770647525787353515625
1.49242401123046875
1.58367216587066650390625
1.23488056659698486328125
1.6421260833740234375
1.977889537811279296875
1.931680202484130859375
1.5992548465728759765625
1.397400379180908203125
1.954397678375244140625
1.71614360809326171875
1.25929009914398193359375
1.55285322666168212890625
1.63621556758880615234375
2.0833518505096435546875
1.499828815460205078125
1.674718379974365234375
2.1381022930145263671875
1.49068462848663330078125
2.0802516937255859375
1.47516739368438720703125
1.8753757476806640625
1.65705907344818115234375
1.27641093730926513671875
1.81088435649871826171875
1.25025999546051025390625
1.7478082180023193359375
1.882633686065673828125
1.07138550281524658203125
1.4932384490966796875
1.54016268253326416015625
2.044161319732666015625
1.4337456226348876953125
1.86380875110626220703125
1.43830311298370361328125
1.39660322666168212890625
0.905383408069610595703125
1.337774753570556640625
1.56675899028778076171875
1.7438800334930419921875
1.74988663196563720703125
1.46910858154296875
1.6772072315216064453125
2.2800405025482177734375
1.068048000335693359375
1.83457648754119873046875
1.58578670024871826171875
1.3094947338104248046875
1.84112536907196044921875
1.8174088001251220703125
1.2286853790283203125
1.8956105709075927734375
2.3098316192626953125
2.0447208881378173828125
2.0719559192657470703125
1.6413905620574951171875
1.6982421875
1.3819906711578369140625
1.0967791080474853515625
2.1315238475799560546875
1.8931801319122314453125
1.438633441925048828125
2.5346910953521728515625
1.3654868602752685546875
2.5630805492401123046875
1.67386341094970703125
1.64258515834808349609375
1.28869736194610595703125
1.29166781902313232421875
1.407707691192626953125
2.149782657623291015625
2.25161075592041015625
1.82164418697357177734375
2.424027919769287109375
1.49375617504119873046875
1.8656551837921142578125
1.413667201995849609375
1.64048492908477783203125
2.153490543365478515625
1.74794638156890869140625
1.946588039398193359375
2.0601379871368408203125
1.84313619136810302734375
1.91855227947235107421875
1.9464433193206787109375
2.41668987274169921875
1.52551543712615966796875
1.333185672760009765625
2.1616156101226806640625
1.505139827728271484375
1.71786296367645263671875
1.86977481842041015625
1.597232818603515625
2.07198619842529296875
1.6162254810333251953125
1.4184596538543701171875
1.4936287403106689453125
1.41016864776611328125
1.8665530681610107421875
1.5923187732696533203125
1.707413196563720703125
1.77228462696075439453125
1.73380005359649658203125
1.81581556797027587890625
1.46388351917266845703125
1.21305763721466064453125
1.81603276729583740234375
1.51866519451141357421875
2.1576449871063232421875
1.877153873443603515625
1.64906406402587890625
1.3283193111419677734375
2.0420453548431396484375
1.61590516567230224609375
1.7163536548614501953125
1.91004502773284912109375
1.78395330905914306640625
1.58327400684356689453125
2.63837528228759765625
1.814141750335693359375
2.337394237518310546875
1.3672597408294677734375
1.37393283843994140625
1.1642296314239501953125
1.00868070125579833984375
1.6781463623046875
1.57887852191925048828125
1.2069847583770751953125
2.242713451385498046875
1.584183216094970703125
2.0409781932830810546875
1.44271600246429443359375
1.35816109180450439453125
1.64292824268341064453125
1.79639971256256103515625
1.53059518337249755859375
1.3516390323638916015625
1.43836128711700439453125
1.71484601497650146484375
1.07778799533843994140625
1.50848758220672607421875
1.74694812297821044921875
1.106292724609375
1.28007972240447998046875
1.3166363239288330078125
2.2771875858306884765625
1.79920804500579833984375
1.4608528614044189453125
1.69117391109466552734375
2.3403885364532470703125
2.166396617889404296875
1.8229730129241943359375
1.82176172733306884765625
1.343574047088623046875
1.6425354480743408203125
1.58560192584991455078125
2.0283801555633544921875
1.70376980304718017578125
1.48508775234222412109375
1.57614648342132568359375
1.72770035266876220703125
1.920828342437744140625
1.35209071636199951171875
1.26086914539337158203125
1.7952339649200439453125
1.45840966701507568359375
1.59427642822265625
1.26056945323944091796875
1.93937814235687255859375
1.29792606830596923828125
1.7892291545867919921875
2.29164218902587890625
1.90673625469207763671875
1.6725180149078369140625
1.7051327228546142578125
1.69011938571929931640625
1.64794051647186279296875
1.64375054836273193359375
1.69941318035125732421875
1.17697238922119140625
1.876384735107421875
1.40175151824951171875
2.234446048736572265625
1.88621866703033447265625
1.54234778881072998046875
1.3336946964263916015625
2.240669727325439453125
1.65504229068756103515625
1.29372990131378173828125
1.168696880340576171875
1.46656453609466552734375
1.7122914791107177734375
1.9691793918609619140625
1.545650959014892578125
1.7892818450927734375
1.47952544689178466796875
2.0256526470184326171875
1.56287515163421630859375
1.507328510284423828125
1.59731972217559814453125
1.9301187992095947265625
1.69348251819610595703125
1.73436343669891357421875
2.41078853607177734375
2.1535255908966064453125
1.2944824695587158203125
1.5503826141357421875
1.12826359272003173828125
1.4951617717742919921875
1.53314685821533203125
1.1949393749237060546875
1.8282029628753662109375
1.78958404064178466796875
1.6367752552032470703125
2.04016780853271484375
1.38343107700347900390625
1.3013870716094970703125
2.0092098712921142578125
1.8499171733856201171875
1.80322563648223876953125
1.2466886043548583984375
1.30470526218414306640625
1.4687931537628173828125
1.0712978839874267578125
2.637614727020263671875
1.30906474590301513671875
1.85093128681182861328125
1.64632022380828857421875
1.32612240314483642578125
1.24174630641937255859375
2.0488259792327880859375
1.67997777462005615234375
1.87468373775482177734375
1.6509876251220703125
1.645908832550048828125
1.57569444179534912109375
1.19026625156402587890625
1.7967288494110107421875
1.566871166229248046875
1.49154376983642578125
1.6064627170562744140625
1.65087413787841796875
1.73720395565032958984375
1.42672634124755859375
1.5322315692901611328125
1.1151983737945556640625
1.40829718112945556640625
1.56867349147796630859375
1.66732919216156005859375
2.15634822845458984375
1.5466175079345703125
1.3571355342864990234375
2.6299984455108642578125
1.85291576385498046875
1.33765709400177001953125
1.73875796794891357421875
1.74268996715545654296875
1.7774031162261962890625
1.57190990447998046875
2.3299229145050048828125
2.2324087619781494140625
1.8431899547576904296875
0.929341137409210205078125
1.32562363147735595703125
1.82083094120025634765625
2.7409145832061767578125
1.164885044097900390625
1.18442821502685546875
1.67218053340911865234375
1.954236507415771484375
1.0995013713836669921875
1.83118021488189697265625
1.75248754024505615234375
2.1286308765411376953125
1.71820843219757080078125
2.14558124542236328125
1.77045238018035888671875
1.16562783718109130859375
2.10742950439453125
1.47923564910888671875
1.8808143138885498046875
1.542290210723876953125
1.7733571529388427734375
2.3461081981658935546875
2.6064929962158203125
1.84394085407257080078125
1.5445520877838134765625
1.63328826427459716796875
1.46526813507080078125
1.95845925807952880859375
1.7976372241973876953125
1.61816084384918212890625
2.1649227142333984375
1.74734008312225341796875
1.31953656673431396484375
1.45636165142059326171875
2.2558395862579345703125
1.35905230045318603515625
1.84312069416046142578125
1.47951829433441162109375
2.0820014476776123046875
1.218760013580322265625
1.3918311595916748046875
1.906814098358154296875
1.54893124103546142578125
2.175914764404296875
1.35029876232147216796875
1.54975211620330810546875
1.756366729736328125
1.5500748157501220703125
1.75623321533203125
1.99494075775146484375
1.45651149749755859375
1.898635387420654296875
1.83582592010498046875
1.213413238525390625
1.7866613864898681640625
1.44260013103485107421875
1.96843302249908447265625
1.8700695037841796875
1.301753520965576171875
1.5970356464385986328125
1.12517547607421875
1.37757408618927001953125
1.67599737644195556640625
2.11784458160400390625
2.0202434062957763671875
1.94911873340606689453125
1.1396629810333251953125
1.4473092555999755859375
1.48235404491424560546875
1.4200212955474853515625
1.7304356098175048828125
1.4122526645660400390625
1.855113506317138671875
1.54396760463714599609375
0.99167692661285400390625
2.212945461273193359375
1.50646579265594482421875
2.2811563014984130859375
1.62625014781951904296875
2.063310146331787109375
1.70305764675140380859375
2.019253253936767578125
1.797194957733154296875
1.1958987712860107421875
1.3627986907958984375
1.821555614471435546875
1.2849638462066650390625
1.69610607624053955078125
1.187160015106201171875
1.8634607791900634765625
1.23475253582000732421875
1.4648935794830322265625
2.1319038867950439453125
1.1867935657501220703125
1.5273897647857666015625
2.12360858917236328125
1.605471134185791015625
1.36203610897064208984375
1.46321451663970947265625
